#ID	Ca	Cb	Cc	Cd	Ce	Ch1a	Ch1b	Ch1c	Ch1d	Ch1e	Ch2a	Ch2b	Ch2c	Ch2d	Ch2e	Ch3a	Ch3b	Ch3c	Ch3d	Ch3e	Ch4a	Ch4b	Ch4c	Ch4d	Ch4e	Ch5a	Ch5b	Ch5c	Ch5d	Ch5e	E1a	E1b	E1c	E1d	E1e	Ra	Rb	Rc	Rd	Re	Wa	Wb	Wc	Wd	We	taxonomy
278192	1.219706566	0	1.219706566	1.219706566	1.219706566	100.1006461	1.219706566	1000	630.3529189	265.4832864	147.9707935	361.3555262	230.2471219	265.4832864	100.9677089	100.1006461	100.1006461	2.088449965	2.088449965	100.1006461	358.7468378	358.7468378	444.7436958	265.4832864	265.4832864	358.7468378	100.1006461	100.1006461	147.9707935	147.9707935	1.219706566	2.088449965	1.219706566	0	0	1.219706566	100.1006461	1.219706566	0	1.219706566	1.219706566	2.088449965	2.088449965	1.219706566	1.219706566	k__Bacteria; p__Proteobacteria; c__Alphaproteobacteria; o__Rhodospirillales; f__Rhodospirillaceae; g__Nisaea; s__
586779	1.219706566	0	1.219706566	1.219706566	1.219706566	100.1006461	100.1006461	98.88924559	265.4832864	147.9707935	1.219706566	2.088449965	1.219706566	147.9707935	100.9677089	147.9707935	202.6290021	100.9677089	2.088449965	100.1006461	202.6290021	230.2471219	1.219706566	230.2471219	100.1006461	312.1470419	147.9707935	100.1006461	230.2471219	100.1006461	1.219706566	2.088449965	1.219706566	0	0	1.219706566	1.219706566	1.219706566	0	1.219706566	1.219706566	2.088449965	2.088449965	1.219706566	1.219706566	k__Bacteria; p__Bacteroidetes; c__Sphingobacteria; o__Sphingobacteriales; f__Flammeovirgaceae; g__; s__
225468	1.219706566	0	1.219706566	1.219706566	1.219706566	100.1006461	1.219706566	228.6136445	202.6290021	1.219706566	1.219706566	2.088449965	1.219706566	1.219706566	2.088449965	1.219706566	1.219706566	2.088449965	2.088449965	147.9707935	265.4832864	147.9707935	1.219706566	1.219706566	1.219706566	147.9707935	147.9707935	147.9707935	100.1006461	147.9707935	1.219706566	2.088449965	1.219706566	0	0	100.1006461	1.219706566	1.219706566	0	147.9707935	1.219706566	2.088449965	2.088449965	1.219706566	1.219706566	k__Bacteria; p__Proteobacteria; c__Alphaproteobacteria; o__Rhodospirillales; f__Rhodospirillaceae; g__; s__
135758	1.219706566	0	1.219706566	1.219706566	1.219706566	1.219706566	1.219706566	0	1.219706566	100.1006461	1.219706566	2.088449965	1.219706566	1.219706566	2.088449965	100.1006461	177.4097852	2.088449965	2.088449965	696.2559426	1.219706566	1.219706566	100.1006461	1.219706566	1.219706566	1.219706566	1.219706566	147.9707935	147.9707935	1.219706566	1.219706566	2.088449965	1.219706566	0	0	1.219706566	1.219706566	1.219706566	0	1.219706566	1.219706566	2.088449965	2.088449965	1.219706566	1.219706566	k__Bacteria; p__Proteobacteria; c__Alphaproteobacteria; o__Kiloniellales; f__Kiloniellaceae; g__; s__
262719	1.219706566	0	1.219706566	1.219706566	1.219706566	1.219706566	1.219706566	98.88924559	1.219706566	1.219706566	100.1006461	2.088449965	100.1006461	1.219706566	100.9677089	1.219706566	1.219706566	2.088449965	2.088449965	100.1006461	1.219706566	100.1006461	1.219706566	177.4097852	147.9707935	177.4097852	202.6290021	202.6290021	147.9707935	100.1006461	1.219706566	2.088449965	1.219706566	0	0	1.219706566	1.219706566	1.219706566	0	1.219706566	1.219706566	2.088449965	2.088449965	1.219706566	1.219706566	k__Bacteria; p__Proteobacteria; c__Alphaproteobacteria; o__Rhodospirillales; f__Rhodospirillaceae; g__; s__
385798	1.219706566	0	1.219706566	1.219706566	1.219706566	1.219706566	1.219706566	0	1.219706566	1.219706566	1.219706566	2.088449965	1.219706566	1.219706566	2.088449965	1.219706566	1.219706566	2.088449965	2.088449965	1.219706566	1.219706566	1.219706566	1.219706566	1.219706566	1.219706566	1.219706566	1.219706566	1.219706566	1.219706566	1.219706566	1.219706566	2.088449965	1.219706566	0	0	147.9707935	147.9707935	230.2471219	228.6136445	147.9707935	202.6290021	2.088449965	2.088449965	100.1006461	147.9707935	k__Bacteria; p__Proteobacteria; c__Gammaproteobacteria; o__Enterobacteriales; f__Enterobacteriaceae; g__; s__
591045	1.219706566	0	1.219706566	1.219706566	1.219706566	177.4097852	1.219706566	201.4874286	100.1006461	202.6290021	1.219706566	178.077555	100.1006461	1.219706566	2.088449965	100.1006461	1.219706566	100.9677089	2.088449965	1.219706566	100.1006461	100.1006461	1.219706566	1.219706566	1.219706566	1.219706566	1.219706566	1.219706566	1.219706566	1.219706566	1.219706566	2.088449965	1.219706566	0	0	1.219706566	1.219706566	1.219706566	0	1.219706566	1.219706566	2.088449965	2.088449965	1.219706566	1.219706566	k__Bacteria; p__Proteobacteria; c__Gammaproteobacteria; o__Alteromonadales; f__Alteromonadaceae; g__; s__
579252	1.219706566	0	1.219706566	1.219706566	1.219706566	147.9707935	1.219706566	98.88924559	147.9707935	100.1006461	1.219706566	2.088449965	147.9707935	1.219706566	100.9677089	1.219706566	100.1006461	2.088449965	2.088449965	202.6290021	1.219706566	177.4097852	1.219706566	100.1006461	1.219706566	1.219706566	100.1006461	1.219706566	1.219706566	100.1006461	1.219706566	2.088449965	1.219706566	0	0	1.219706566	1.219706566	1.219706566	0	1.219706566	1.219706566	2.088449965	2.088449965	1.219706566	1.219706566	k__Bacteria; p__Proteobacteria; c__Gammaproteobacteria; o__Oceanospirillales; f__Oceanospirillaceae; g__; s__
573848	1.219706566	0	1.219706566	1.219706566	1.219706566	230.2471219	230.2471219	147.0619293	100.1006461	1.219706566	1.219706566	2.088449965	1.219706566	100.1006461	2.088449965	100.1006461	1.219706566	2.088449965	2.088449965	1.219706566	147.9707935	1.219706566	100.1006461	1.219706566	1.219706566	1.219706566	1.219706566	1.219706566	1.219706566	1.219706566	1.219706566	2.088449965	1.219706566	0	0	1.219706566	1.219706566	100.1006461	98.88924559	1.219706566	1.219706566	2.088449965	2.088449965	1.219706566	1.219706566	k__Bacteria; p__Proteobacteria; c__Gammaproteobacteria; o__Alteromonadales; f__Alteromonadaceae; g__; s__
592466	1.219706566	0	100.1006461	147.9707935	1.219706566	1.219706566	1.219706566	0	1.219706566	1.219706566	1.219706566	2.088449965	1.219706566	1.219706566	2.088449965	1.219706566	1.219706566	2.088449965	2.088449965	1.219706566	1.219706566	1.219706566	1.219706566	1.219706566	1.219706566	1.219706566	1.219706566	1.219706566	1.219706566	1.219706566	202.6290021	2.088449965	100.1006461	147.0619293	262.9409331	1.219706566	1.219706566	1.219706566	0	1.219706566	1.219706566	2.088449965	2.088449965	1.219706566	1.219706566	k__Bacteria; p__Proteobacteria; c__Gammaproteobacteria; o__Oceanospirillales; f__Halomonadaceae; g__Candidatus Portiera; s__
10174	1.219706566	0	1.219706566	1.219706566	1.219706566	1.219706566	1.219706566	0	1.219706566	1.219706566	1.219706566	2.088449965	1.219706566	1.219706566	2.088449965	1.219706566	1.219706566	2.088449965	2.088449965	1.219706566	1.219706566	1.219706566	1.219706566	1.219706566	1.219706566	1.219706566	1.219706566	1.219706566	1.219706566	1.219706566	1.219706566	2.088449965	1.219706566	0	0	100.1006461	147.9707935	147.9707935	201.4874286	100.1006461	147.9707935	2.088449965	2.088449965	177.4097852	1.219706566	k__Bacteria; p__Proteobacteria; c__Gammaproteobacteria; o__Enterobacteriales; f__Enterobacteriaceae; g__Serratia; s__
298197	177.4097852	201.4874286	147.9707935	100.1006461	147.9707935	1.219706566	1.219706566	0	1.219706566	1.219706566	1.219706566	2.088449965	1.219706566	1.219706566	2.088449965	1.219706566	1.219706566	2.088449965	2.088449965	1.219706566	1.219706566	1.219706566	1.219706566	1.219706566	1.219706566	1.219706566	1.219706566	1.219706566	1.219706566	100.1006461	100.1006461	2.088449965	1.219706566	0	98.88924559	1.219706566	1.219706566	1.219706566	0	1.219706566	1.219706566	2.088449965	2.088449965	1.219706566	1.219706566	k__Bacteria; p__Proteobacteria; c__Alphaproteobacteria; o__Rhodobacterales; f__Rhodobacteraceae; g__; s__
550932	1.219706566	228.6136445	100.1006461	100.1006461	1.219706566	1.219706566	1.219706566	0	1.219706566	1.219706566	1.219706566	2.088449965	1.219706566	1.219706566	2.088449965	1.219706566	1.219706566	2.088449965	2.088449965	1.219706566	1.219706566	1.219706566	1.219706566	1.219706566	1.219706566	1.219706566	1.219706566	1.219706566	1.219706566	1.219706566	1.219706566	2.088449965	100.1006461	176.4707522	147.0619293	1.219706566	1.219706566	1.219706566	0	1.219706566	1.219706566	2.088449965	2.088449965	1.219706566	1.219706566	k__Bacteria; p__Proteobacteria; c__Alphaproteobacteria; o__Rhodobacterales; f__Rhodobacteraceae; g__; s__
542340	177.4097852	98.88924559	100.1006461	100.1006461	177.4097852	1.219706566	1.219706566	0	1.219706566	1.219706566	1.219706566	2.088449965	1.219706566	1.219706566	2.088449965	1.219706566	100.1006461	2.088449965	2.088449965	1.219706566	1.219706566	1.219706566	1.219706566	1.219706566	1.219706566	1.219706566	1.219706566	1.219706566	1.219706566	1.219706566	1.219706566	2.088449965	100.1006461	98.88924559	0	1.219706566	1.219706566	1.219706566	0	1.219706566	1.219706566	2.088449965	2.088449965	1.219706566	1.219706566	k__Bacteria; p__Proteobacteria; c__Alphaproteobacteria; o__Rhodobacterales; f__Rhodobacteraceae; g__Thalassobius; s__
435117	100.1006461	0	1.219706566	1.219706566	1.219706566	1.219706566	1.219706566	0	1.219706566	1.219706566	1.219706566	2.088449965	1.219706566	1.219706566	2.088449965	1.219706566	1.219706566	2.088449965	2.088449965	1.219706566	1.219706566	1.219706566	1.219706566	1.219706566	1.219706566	1.219706566	1.219706566	1.219706566	1.219706566	1.219706566	1.219706566	100.9677089	1.219706566	0	0	100.1006461	147.9707935	1.219706566	98.88924559	100.1006461	1.219706566	178.077555	2.088449965	1.219706566	147.9707935	k__Bacteria; p__Proteobacteria; c__Gammaproteobacteria; o__Pseudomonadales; f__Pseudomonadaceae; g__Pseudomonas; s__
99147	147.9707935	0	1.219706566	100.1006461	100.1006461	1.219706566	1.219706566	0	1.219706566	1.219706566	1.219706566	2.088449965	1.219706566	1.219706566	2.088449965	1.219706566	1.219706566	2.088449965	100.9677089	147.9707935	1.219706566	1.219706566	1.219706566	1.219706566	1.219706566	1.219706566	1.219706566	1.219706566	1.219706566	1.219706566	1.219706566	2.088449965	1.219706566	0	147.0619293	1.219706566	1.219706566	1.219706566	0	1.219706566	1.219706566	2.088449965	2.088449965	147.9707935	1.219706566	k__Bacteria; p__Proteobacteria; c__Gammaproteobacteria; o__Alteromonadales; f__Pseudoalteromonadaceae; g__Pseudoalteromonas; s__
22176	1.219706566	98.88924559	1.219706566	1.219706566	1.219706566	1.219706566	1.219706566	98.88924559	1.219706566	1.219706566	1.219706566	2.088449965	1.219706566	1.219706566	2.088449965	1.219706566	1.219706566	2.088449965	2.088449965	1.219706566	100.1006461	1.219706566	100.1006461	1.219706566	100.1006461	147.9707935	100.1006461	147.9707935	100.1006461	1.219706566	1.219706566	2.088449965	1.219706566	0	0	1.219706566	1.219706566	1.219706566	0	1.219706566	1.219706566	2.088449965	2.088449965	1.219706566	1.219706566	k__Bacteria; p__Proteobacteria; c__Alphaproteobacteria; o__Rhizobiales; f__Phyllobacteriaceae; g__Mesorhizobium; s__
304302	1.219706566	98.88924559	1.219706566	100.1006461	1.219706566	1.219706566	1.219706566	0	1.219706566	1.219706566	1.219706566	2.088449965	1.219706566	1.219706566	2.088449965	1.219706566	1.219706566	2.088449965	2.088449965	1.219706566	1.219706566	1.219706566	1.219706566	1.219706566	1.219706566	1.219706566	1.219706566	1.219706566	1.219706566	1.219706566	1.219706566	148.6156712	100.1006461	98.88924559	201.4874286	1.219706566	1.219706566	1.219706566	0	1.219706566	1.219706566	2.088449965	2.088449965	1.219706566	1.219706566	k__Bacteria; p__Proteobacteria; c__Alphaproteobacteria; o__Rhodobacterales; f__Rhodobacteraceae; g__; s__
91912	1.219706566	0	1.219706566	1.219706566	1.219706566	1.219706566	1.219706566	98.88924559	1.219706566	1.219706566	100.1006461	2.088449965	100.1006461	100.1006461	2.088449965	147.9707935	147.9707935	2.088449965	100.9677089	1.219706566	1.219706566	1.219706566	1.219706566	1.219706566	1.219706566	1.219706566	1.219706566	1.219706566	1.219706566	1.219706566	1.219706566	2.088449965	1.219706566	0	0	1.219706566	1.219706566	1.219706566	0	1.219706566	1.219706566	2.088449965	2.088449965	1.219706566	1.219706566	k__Bacteria; p__Proteobacteria; c__Gammaproteobacteria; o__Oceanospirillales; f__Oceanospirillaceae; g__; s__
591587	1.219706566	0	1.219706566	100.1006461	1.219706566	1.219706566	1.219706566	0	1.219706566	1.219706566	1.219706566	2.088449965	1.219706566	1.219706566	2.088449965	1.219706566	1.219706566	2.088449965	2.088449965	1.219706566	1.219706566	1.219706566	1.219706566	1.219706566	1.219706566	1.219706566	1.219706566	1.219706566	1.219706566	1.219706566	1.219706566	2.088449965	1.219706566	147.0619293	0	1.219706566	100.1006461	1.219706566	201.4874286	1.219706566	1.219706566	2.088449965	2.088449965	1.219706566	100.1006461	k__Bacteria; p__Proteobacteria; c__Gammaproteobacteria; o__Vibrionales; f__Vibrionaceae; g__Photobacterium; s__
310182	1.219706566	0	147.9707935	1.219706566	100.1006461	1.219706566	1.219706566	0	1.219706566	1.219706566	1.219706566	2.088449965	1.219706566	1.219706566	2.088449965	1.219706566	1.219706566	2.088449965	2.088449965	1.219706566	1.219706566	1.219706566	1.219706566	1.219706566	1.219706566	1.219706566	1.219706566	1.219706566	1.219706566	1.219706566	147.9707935	2.088449965	1.219706566	147.0619293	98.88924559	1.219706566	1.219706566	1.219706566	0	1.219706566	1.219706566	2.088449965	2.088449965	1.219706566	1.219706566	k__Bacteria; p__Proteobacteria; c__Alphaproteobacteria; o__Rhodospirillales; f__Rhodospirillaceae; g__; s__
8716	1.219706566	147.0619293	1.219706566	1.219706566	1.219706566	1.219706566	1.219706566	0	1.219706566	1.219706566	1.219706566	2.088449965	1.219706566	1.219706566	2.088449965	1.219706566	1.219706566	2.088449965	2.088449965	1.219706566	1.219706566	1.219706566	1.219706566	1.219706566	1.219706566	1.219706566	1.219706566	1.219706566	1.219706566	1.219706566	1.219706566	2.088449965	1.219706566	0	0	1.219706566	147.9707935	100.1006461	98.88924559	100.1006461	1.219706566	2.088449965	2.088449965	1.219706566	1.219706566	k__Bacteria; p__Proteobacteria; c__Gammaproteobacteria; o__Pseudomonadales; f__Pseudomonadaceae; g__Pseudomonas; s__
110432	1.219706566	0	1.219706566	1.219706566	1.219706566	1.219706566	1.219706566	0	1.219706566	1.219706566	1.219706566	2.088449965	1.219706566	1.219706566	2.088449965	1.219706566	1.219706566	2.088449965	100.9677089	1.219706566	1.219706566	1.219706566	1.219706566	1.219706566	1.219706566	1.219706566	1.219706566	147.9707935	147.9707935	100.1006461	1.219706566	2.088449965	1.219706566	0	0	1.219706566	1.219706566	1.219706566	0	1.219706566	1.219706566	2.088449965	2.088449965	1.219706566	1.219706566	k__Bacteria; p__Bacteroidetes; c__Flavobacteria; o__Flavobacteriales; f__Flavobacteriaceae; g__Arenibacter; s__
239606	177.4097852	0	1.219706566	1.219706566	100.1006461	1.219706566	1.219706566	0	1.219706566	1.219706566	100.1006461	2.088449965	1.219706566	1.219706566	2.088449965	1.219706566	1.219706566	2.088449965	2.088449965	1.219706566	1.219706566	1.219706566	1.219706566	1.219706566	1.219706566	1.219706566	1.219706566	1.219706566	1.219706566	1.219706566	1.219706566	2.088449965	1.219706566	0	0	1.219706566	1.219706566	1.219706566	0	1.219706566	1.219706566	2.088449965	2.088449965	1.219706566	1.219706566	k__Bacteria; p__Proteobacteria; c__Gammaproteobacteria; o__Alteromonadales; f__Pseudoalteromonadaceae; g__Pseudoalteromonas; s__
191744	1.219706566	0	1.219706566	1.219706566	1.219706566	1.219706566	1.219706566	0	1.219706566	1.219706566	1.219706566	2.088449965	1.219706566	1.219706566	2.088449965	1.219706566	1.219706566	2.088449965	2.088449965	1.219706566	1.219706566	1.219706566	1.219706566	1.219706566	1.219706566	1.219706566	1.219706566	1.219706566	1.219706566	1.219706566	1.219706566	2.088449965	1.219706566	0	0	1.219706566	1.219706566	1.219706566	98.88924559	1.219706566	1.219706566	2.088449965	100.9677089	147.9707935	100.1006461	k__Bacteria; p__Proteobacteria; c__Gammaproteobacteria; o__Aeromonadales; f__Aeromonadaceae; g__Aeromonas; s__
129505	1.219706566	147.0619293	147.9707935	1.219706566	100.1006461	1.219706566	1.219706566	0	1.219706566	1.219706566	1.219706566	2.088449965	1.219706566	1.219706566	2.088449965	1.219706566	1.219706566	2.088449965	2.088449965	1.219706566	1.219706566	1.219706566	1.219706566	1.219706566	1.219706566	1.219706566	1.219706566	1.219706566	1.219706566	1.219706566	1.219706566	2.088449965	1.219706566	0	0	1.219706566	1.219706566	1.219706566	0	1.219706566	1.219706566	2.088449965	2.088449965	1.219706566	1.219706566	k__Bacteria; p__Proteobacteria; c__Gammaproteobacteria; o__Alteromonadales; f__Alteromonadaceae; g__Alteromonas; s__Alteromonas marina
75016	1.219706566	0	1.219706566	1.219706566	1.219706566	1.219706566	100.1006461	0	1.219706566	1.219706566	1.219706566	2.088449965	1.219706566	1.219706566	2.088449965	1.219706566	1.219706566	2.088449965	2.088449965	1.219706566	1.219706566	1.219706566	1.219706566	1.219706566	1.219706566	1.219706566	1.219706566	1.219706566	1.219706566	1.219706566	1.219706566	2.088449965	1.219706566	0	0	1.219706566	1.219706566	1.219706566	0	1.219706566	100.1006461	2.088449965	2.088449965	147.9707935	1.219706566	k__Bacteria; p__Proteobacteria; c__Gammaproteobacteria; o__Oceanospirillales; f__Halomonadaceae; g__Halomonas; s__
572877	1.219706566	0	1.219706566	1.219706566	1.219706566	1.219706566	1.219706566	0	1.219706566	1.219706566	1.219706566	2.088449965	100.1006461	1.219706566	2.088449965	1.219706566	100.1006461	2.088449965	2.088449965	100.1006461	100.1006461	1.219706566	1.219706566	1.219706566	1.219706566	1.219706566	1.219706566	1.219706566	1.219706566	1.219706566	1.219706566	2.088449965	1.219706566	0	0	1.219706566	1.219706566	1.219706566	0	1.219706566	1.219706566	2.088449965	2.088449965	1.219706566	1.219706566	k__Bacteria; p__Proteobacteria; c__Alphaproteobacteria; o__Rhodobacterales; f__Hyphomonadaceae; g__Hyphomonas; s__
91903	1.219706566	0	1.219706566	1.219706566	1.219706566	1.219706566	1.219706566	98.88924559	100.1006461	100.1006461	1.219706566	2.088449965	1.219706566	1.219706566	2.088449965	1.219706566	1.219706566	2.088449965	2.088449965	1.219706566	1.219706566	100.1006461	1.219706566	1.219706566	1.219706566	1.219706566	1.219706566	1.219706566	1.219706566	1.219706566	1.219706566	2.088449965	1.219706566	0	0	1.219706566	1.219706566	1.219706566	0	1.219706566	1.219706566	2.088449965	2.088449965	1.219706566	1.219706566	k__Bacteria; p__Proteobacteria; c__Alphaproteobacteria; o__Rhodospirillales; f__Rhodospirillaceae; g__Nisaea; s__
235281	1.219706566	0	1.219706566	1.219706566	1.219706566	1.219706566	1.219706566	0	1.219706566	1.219706566	1.219706566	2.088449965	1.219706566	1.219706566	2.088449965	1.219706566	1.219706566	2.088449965	2.088449965	1.219706566	1.219706566	1.219706566	1.219706566	1.219706566	1.219706566	1.219706566	1.219706566	1.219706566	1.219706566	1.219706566	100.1006461	2.088449965	147.9707935	0	0	1.219706566	1.219706566	1.219706566	0	1.219706566	1.219706566	2.088449965	2.088449965	100.1006461	1.219706566	k__Bacteria; p__Proteobacteria; c__Betaproteobacteria; o__Methylophilales; f__Methylophilaceae; g__Methylotenera; s__
321696	1.219706566	98.88924559	1.219706566	1.219706566	1.219706566	1.219706566	1.219706566	0	1.219706566	1.219706566	1.219706566	2.088449965	1.219706566	1.219706566	2.088449965	1.219706566	1.219706566	2.088449965	2.088449965	1.219706566	1.219706566	1.219706566	1.219706566	1.219706566	147.9707935	1.219706566	1.219706566	100.1006461	1.219706566	1.219706566	1.219706566	2.088449965	1.219706566	0	0	1.219706566	1.219706566	1.219706566	0	1.219706566	1.219706566	2.088449965	2.088449965	1.219706566	1.219706566	k__Bacteria; p__Proteobacteria; c__Alphaproteobacteria; o__Kiloniellales; f__Kiloniellaceae; g__Thalassospira; s__Thalassospira xiamenensis
543253	1.219706566	98.88924559	1.219706566	1.219706566	1.219706566	1.219706566	1.219706566	0	1.219706566	1.219706566	1.219706566	2.088449965	1.219706566	1.219706566	2.088449965	1.219706566	1.219706566	2.088449965	2.088449965	1.219706566	1.219706566	1.219706566	1.219706566	1.219706566	1.219706566	1.219706566	1.219706566	1.219706566	1.219706566	1.219706566	1.219706566	2.088449965	1.219706566	0	0	1.219706566	1.219706566	100.1006461	98.88924559	1.219706566	100.1006461	2.088449965	2.088449965	1.219706566	1.219706566	k__Bacteria; p__Proteobacteria; c__Gammaproteobacteria; o__Pseudomonadales; f__Pseudomonadaceae; g__Pseudomonas; s__
548485	1.219706566	0	1.219706566	1.219706566	1.219706566	1.219706566	100.1006461	0	1.219706566	1.219706566	1.219706566	2.088449965	1.219706566	1.219706566	2.088449965	100.1006461	1.219706566	2.088449965	2.088449965	1.219706566	1.219706566	1.219706566	1.219706566	1.219706566	1.219706566	1.219706566	100.1006461	1.219706566	1.219706566	1.219706566	1.219706566	2.088449965	1.219706566	0	0	1.219706566	1.219706566	1.219706566	0	1.219706566	1.219706566	2.088449965	2.088449965	1.219706566	1.219706566	k__Bacteria; p__Bacteroidetes; c__Flavobacteria; o__Flavobacteriales; f__Flavobacteriaceae; g__Muricauda; s__
533356	1.219706566	0	1.219706566	1.219706566	1.219706566	1.219706566	1.219706566	0	1.219706566	1.219706566	1.219706566	2.088449965	1.219706566	1.219706566	2.088449965	1.219706566	1.219706566	2.088449965	2.088449965	1.219706566	1.219706566	1.219706566	1.219706566	1.219706566	1.219706566	1.219706566	1.219706566	1.219706566	1.219706566	1.219706566	1.219706566	2.088449965	1.219706566	98.88924559	147.0619293	1.219706566	1.219706566	1.219706566	0	1.219706566	1.219706566	2.088449965	2.088449965	1.219706566	1.219706566	k__Bacteria; p__Bacteroidetes; c__Flavobacteria; o__Flavobacteriales; f__Flavobacteriaceae; g__; s__
353564	1.219706566	0	1.219706566	1.219706566	1.219706566	1.219706566	1.219706566	0	1.219706566	1.219706566	1.219706566	2.088449965	1.219706566	1.219706566	2.088449965	1.219706566	1.219706566	2.088449965	2.088449965	1.219706566	1.219706566	1.219706566	1.219706566	1.219706566	1.219706566	1.219706566	1.219706566	1.219706566	1.219706566	1.219706566	1.219706566	148.6156712	1.219706566	0	98.88924559	1.219706566	1.219706566	1.219706566	0	1.219706566	1.219706566	2.088449965	2.088449965	1.219706566	1.219706566	k__Bacteria; p__Proteobacteria; c__Alphaproteobacteria; o__Rhodobacterales; f__Rhodobacteraceae; g__; s__
270600	1.219706566	98.88924559	1.219706566	1.219706566	1.219706566	1.219706566	1.219706566	0	1.219706566	1.219706566	1.219706566	2.088449965	1.219706566	1.219706566	2.088449965	1.219706566	1.219706566	2.088449965	2.088449965	1.219706566	1.219706566	1.219706566	1.219706566	1.219706566	1.219706566	1.219706566	1.219706566	1.219706566	1.219706566	1.219706566	1.219706566	2.088449965	100.1006461	0	98.88924559	1.219706566	1.219706566	1.219706566	0	1.219706566	1.219706566	2.088449965	2.088449965	1.219706566	1.219706566	k__Bacteria; p__Proteobacteria; c__Alphaproteobacteria; o__Rhodobacterales; f__Rhodobacteraceae; g__Thalassobius; s__
161153	1.219706566	0	1.219706566	1.219706566	1.219706566	1.219706566	1.219706566	0	1.219706566	1.219706566	1.219706566	2.088449965	1.219706566	1.219706566	2.088449965	1.219706566	1.219706566	2.088449965	2.088449965	1.219706566	1.219706566	1.219706566	1.219706566	1.219706566	1.219706566	1.219706566	1.219706566	1.219706566	1.219706566	1.219706566	100.1006461	2.088449965	1.219706566	0	0	1.219706566	1.219706566	147.9707935	0	1.219706566	1.219706566	2.088449965	2.088449965	1.219706566	1.219706566	k__Bacteria; p__Proteobacteria; c__Gammaproteobacteria; o__Vibrionales; f__Vibrionaceae; g__Vibrio; s__
558188	1.219706566	0	1.219706566	1.219706566	1.219706566	1.219706566	1.219706566	0	1.219706566	1.219706566	1.219706566	2.088449965	1.219706566	1.219706566	2.088449965	1.219706566	1.219706566	2.088449965	2.088449965	1.219706566	1.219706566	1.219706566	1.219706566	1.219706566	1.219706566	1.219706566	1.219706566	1.219706566	1.219706566	1.219706566	147.9707935	2.088449965	1.219706566	98.88924559	0	1.219706566	1.219706566	1.219706566	0	1.219706566	1.219706566	2.088449965	2.088449965	1.219706566	1.219706566	k__Bacteria; p__Bacteroidetes; c__Flavobacteria; o__Flavobacteriales; f__Flavobacteriaceae; g__; s__
9234	1.219706566	0	1.219706566	1.219706566	1.219706566	1.219706566	1.219706566	0	1.219706566	1.219706566	1.219706566	2.088449965	1.219706566	1.219706566	2.088449965	1.219706566	1.219706566	2.088449965	2.088449965	1.219706566	1.219706566	1.219706566	1.219706566	1.219706566	1.219706566	1.219706566	1.219706566	1.219706566	1.219706566	1.219706566	1.219706566	2.088449965	1.219706566	0	0	1.219706566	1.219706566	1.219706566	98.88924559	100.1006461	1.219706566	2.088449965	2.088449965	100.1006461	1.219706566	k__Bacteria; p__Proteobacteria; c__Gammaproteobacteria; o__Vibrionales; f__Vibrionaceae; g__Vibrio; s__
8934	100.1006461	0	1.219706566	1.219706566	1.219706566	1.219706566	1.219706566	0	1.219706566	1.219706566	1.219706566	2.088449965	1.219706566	1.219706566	2.088449965	1.219706566	1.219706566	100.9677089	2.088449965	1.219706566	1.219706566	1.219706566	1.219706566	1.219706566	1.219706566	1.219706566	1.219706566	1.219706566	1.219706566	1.219706566	1.219706566	2.088449965	1.219706566	0	0	1.219706566	1.219706566	1.219706566	98.88924559	1.219706566	1.219706566	2.088449965	2.088449965	1.219706566	1.219706566	k__Bacteria; p__Proteobacteria; c__Gammaproteobacteria; o__Alteromonadales; f__Pseudoalteromonadaceae; g__Pseudoalteromonas; s__
108820	1.219706566	0	1.219706566	1.219706566	1.219706566	1.219706566	1.219706566	0	1.219706566	1.219706566	1.219706566	2.088449965	1.219706566	1.219706566	2.088449965	1.219706566	1.219706566	2.088449965	2.088449965	1.219706566	1.219706566	1.219706566	1.219706566	1.219706566	1.219706566	1.219706566	1.219706566	1.219706566	1.219706566	1.219706566	100.1006461	100.9677089	1.219706566	98.88924559	0	1.219706566	1.219706566	1.219706566	0	1.219706566	1.219706566	2.088449965	2.088449965	1.219706566	1.219706566	k__Bacteria; p__Proteobacteria; c__Alphaproteobacteria; o__Rickettsiales; f__; g__; s__
343849	1.219706566	0	1.219706566	1.219706566	1.219706566	1.219706566	1.219706566	0	1.219706566	1.219706566	1.219706566	2.088449965	1.219706566	1.219706566	2.088449965	1.219706566	1.219706566	2.088449965	2.088449965	1.219706566	1.219706566	1.219706566	1.219706566	1.219706566	1.219706566	1.219706566	100.1006461	100.1006461	1.219706566	100.1006461	1.219706566	2.088449965	1.219706566	0	0	1.219706566	1.219706566	1.219706566	0	1.219706566	1.219706566	2.088449965	2.088449965	1.219706566	1.219706566	k__Bacteria; p__Proteobacteria; c__Alphaproteobacteria; o__Rhodobacterales; f__Rhodobacteraceae; g__; s__
263575	1.219706566	0	1.219706566	1.219706566	1.219706566	1.219706566	1.219706566	0	1.219706566	1.219706566	1.219706566	2.088449965	1.219706566	1.219706566	2.088449965	1.219706566	1.219706566	2.088449965	2.088449965	1.219706566	1.219706566	1.219706566	1.219706566	1.219706566	1.219706566	100.1006461	1.219706566	1.219706566	100.1006461	1.219706566	1.219706566	2.088449965	1.219706566	0	0	1.219706566	1.219706566	1.219706566	98.88924559	1.219706566	1.219706566	2.088449965	2.088449965	1.219706566	1.219706566	k__Bacteria; p__Bacteroidetes; c__Sphingobacteria; o__Sphingobacteriales; f__Saprospiraceae; g__Lewinella; s__Lewinella cohaerens
314751	1.219706566	0	100.1006461	1.219706566	1.219706566	1.219706566	1.219706566	0	1.219706566	1.219706566	1.219706566	100.9677089	1.219706566	1.219706566	2.088449965	1.219706566	1.219706566	2.088449965	2.088449965	1.219706566	1.219706566	1.219706566	1.219706566	1.219706566	1.219706566	1.219706566	100.1006461	1.219706566	1.219706566	1.219706566	1.219706566	2.088449965	1.219706566	0	0	1.219706566	1.219706566	1.219706566	0	1.219706566	1.219706566	2.088449965	2.088449965	1.219706566	1.219706566	k__Bacteria; p__Proteobacteria; c__Alphaproteobacteria; o__Kiloniellales; f__Kiloniellaceae; g__Thalassospira; s__Thalassospira xiamenensis
592947	1.219706566	0	1.219706566	1.219706566	1.219706566	1.219706566	1.219706566	0	1.219706566	1.219706566	1.219706566	2.088449965	1.219706566	1.219706566	2.088449965	1.219706566	1.219706566	2.088449965	2.088449965	1.219706566	1.219706566	1.219706566	1.219706566	1.219706566	1.219706566	1.219706566	1.219706566	1.219706566	1.219706566	1.219706566	100.1006461	2.088449965	1.219706566	0	147.0619293	1.219706566	1.219706566	1.219706566	0	1.219706566	1.219706566	2.088449965	2.088449965	1.219706566	1.219706566	k__Bacteria; p__Proteobacteria; c__Alphaproteobacteria; o__Rhodospirillales; f__Rhodospirillaceae; g__; s__
135232	1.219706566	0	1.219706566	1.219706566	1.219706566	1.219706566	1.219706566	0	1.219706566	1.219706566	1.219706566	2.088449965	1.219706566	1.219706566	2.088449965	1.219706566	1.219706566	2.088449965	2.088449965	100.1006461	1.219706566	1.219706566	1.219706566	1.219706566	1.219706566	1.219706566	1.219706566	1.219706566	100.1006461	1.219706566	1.219706566	2.088449965	1.219706566	0	0	1.219706566	1.219706566	1.219706566	0	1.219706566	1.219706566	2.088449965	2.088449965	1.219706566	1.219706566	k__Bacteria; p__Proteobacteria; c__Alphaproteobacteria; o__Rhodobacterales; f__Hyphomonadaceae; g__; s__
173518	100.1006461	0	100.1006461	1.219706566	1.219706566	1.219706566	1.219706566	0	1.219706566	1.219706566	1.219706566	2.088449965	1.219706566	1.219706566	2.088449965	1.219706566	1.219706566	2.088449965	2.088449965	1.219706566	1.219706566	1.219706566	1.219706566	1.219706566	1.219706566	1.219706566	1.219706566	1.219706566	1.219706566	1.219706566	1.219706566	2.088449965	1.219706566	0	0	1.219706566	1.219706566	1.219706566	0	1.219706566	1.219706566	2.088449965	2.088449965	1.219706566	1.219706566	k__Bacteria; p__Proteobacteria; c__Alphaproteobacteria; o__Rhodobacterales; f__Rhodobacteraceae; g__Oceanicola; s__
342562	1.219706566	0	1.219706566	100.1006461	1.219706566	1.219706566	1.219706566	0	1.219706566	1.219706566	100.1006461	2.088449965	1.219706566	1.219706566	2.088449965	1.219706566	1.219706566	2.088449965	2.088449965	1.219706566	1.219706566	1.219706566	1.219706566	1.219706566	1.219706566	1.219706566	1.219706566	1.219706566	1.219706566	1.219706566	1.219706566	2.088449965	1.219706566	0	0	1.219706566	1.219706566	1.219706566	0	1.219706566	1.219706566	2.088449965	2.088449965	1.219706566	1.219706566	k__Bacteria; p__Proteobacteria; c__Alphaproteobacteria; o__Kiloniellales; f__Kiloniellaceae; g__Thalassospira; s__Thalassospira xiamenensis
8711	1.219706566	0	1.219706566	1.219706566	1.219706566	1.219706566	1.219706566	0	1.219706566	1.219706566	1.219706566	2.088449965	1.219706566	1.219706566	2.088449965	1.219706566	1.219706566	2.088449965	2.088449965	1.219706566	1.219706566	1.219706566	1.219706566	1.219706566	1.219706566	1.219706566	1.219706566	1.219706566	1.219706566	1.219706566	1.219706566	2.088449965	1.219706566	0	0	1.219706566	100.1006461	1.219706566	0	1.219706566	1.219706566	2.088449965	2.088449965	100.1006461	1.219706566	k__Bacteria; p__Proteobacteria; c__Gammaproteobacteria; o__Pseudomonadales; f__Pseudomonadaceae; g__Pseudomonas; s__Pseudomonas libanensis
189771	1.219706566	0	1.219706566	1.219706566	1.219706566	1.219706566	1.219706566	0	1.219706566	1.219706566	1.219706566	2.088449965	1.219706566	1.219706566	2.088449965	1.219706566	1.219706566	2.088449965	2.088449965	1.219706566	1.219706566	1.219706566	1.219706566	1.219706566	1.219706566	1.219706566	1.219706566	1.219706566	1.219706566	1.219706566	1.219706566	2.088449965	1.219706566	0	0	1.219706566	100.1006461	1.219706566	98.88924559	1.219706566	1.219706566	2.088449965	2.088449965	1.219706566	1.219706566	k__Bacteria; p__Proteobacteria; c__Alphaproteobacteria; o__Rhodobacterales; f__Rhodobacteraceae; g__Ruegeria; s__
592913	1.219706566	0	1.219706566	1.219706566	1.219706566	1.219706566	1.219706566	0	147.9707935	1.219706566	1.219706566	2.088449965	1.219706566	1.219706566	2.088449965	1.219706566	1.219706566	2.088449965	2.088449965	1.219706566	1.219706566	1.219706566	1.219706566	1.219706566	1.219706566	1.219706566	1.219706566	1.219706566	1.219706566	1.219706566	1.219706566	2.088449965	1.219706566	0	0	1.219706566	1.219706566	1.219706566	0	1.219706566	1.219706566	2.088449965	2.088449965	1.219706566	1.219706566	k__Bacteria; p__Firmicutes; c__Clostridia; o__Clostridiales; f__Catabacteriaceae; g__; s__
574717	1.219706566	0	1.219706566	1.219706566	1.219706566	1.219706566	1.219706566	0	1.219706566	1.219706566	1.219706566	2.088449965	1.219706566	1.219706566	2.088449965	1.219706566	1.219706566	2.088449965	2.088449965	1.219706566	1.219706566	1.219706566	1.219706566	1.219706566	1.219706566	1.219706566	1.219706566	1.219706566	1.219706566	1.219706566	1.219706566	2.088449965	1.219706566	98.88924559	98.88924559	1.219706566	1.219706566	1.219706566	0	1.219706566	1.219706566	2.088449965	2.088449965	1.219706566	1.219706566	k__Bacteria; p__Proteobacteria; c__Gammaproteobacteria; o__Oceanospirillales; f__Halomonadaceae; g__Candidatus Portiera; s__
533497	1.219706566	147.0619293	1.219706566	1.219706566	1.219706566	1.219706566	1.219706566	0	1.219706566	1.219706566	1.219706566	2.088449965	1.219706566	1.219706566	2.088449965	1.219706566	1.219706566	2.088449965	2.088449965	1.219706566	1.219706566	1.219706566	1.219706566	1.219706566	1.219706566	1.219706566	1.219706566	1.219706566	1.219706566	1.219706566	1.219706566	2.088449965	1.219706566	0	0	1.219706566	1.219706566	1.219706566	0	1.219706566	1.219706566	2.088449965	2.088449965	1.219706566	1.219706566	k__Bacteria; p__Bacteroidetes; c__Flavobacteria; o__Flavobacteriales; f__Cryomorphaceae; g__Fluviicola; s__
342972	1.219706566	0	1.219706566	1.219706566	1.219706566	1.219706566	1.219706566	0	1.219706566	1.219706566	1.219706566	2.088449965	1.219706566	1.219706566	100.9677089	1.219706566	1.219706566	2.088449965	2.088449965	1.219706566	1.219706566	1.219706566	1.219706566	1.219706566	1.219706566	1.219706566	1.219706566	1.219706566	1.219706566	1.219706566	1.219706566	2.088449965	1.219706566	0	0	1.219706566	1.219706566	100.1006461	0	1.219706566	1.219706566	2.088449965	2.088449965	1.219706566	1.219706566	k__Bacteria; p__Proteobacteria; c__Gammaproteobacteria; o__Pseudomonadales; f__Moraxellaceae; g__Acinetobacter; s__Acinetobacter rhizosphaerae
243907	1.219706566	0	1.219706566	1.219706566	1.219706566	1.219706566	1.219706566	0	1.219706566	1.219706566	1.219706566	2.088449965	1.219706566	1.219706566	2.088449965	147.9707935	1.219706566	2.088449965	2.088449965	1.219706566	1.219706566	1.219706566	1.219706566	1.219706566	1.219706566	1.219706566	1.219706566	1.219706566	1.219706566	1.219706566	1.219706566	2.088449965	1.219706566	0	0	1.219706566	1.219706566	1.219706566	0	1.219706566	1.219706566	2.088449965	2.088449965	1.219706566	1.219706566	k__Bacteria; p__Proteobacteria; c__Alphaproteobacteria; o__Rhizobiales; f__Phyllobacteriaceae; g__; s__
73914	100.1006461	98.88924559	1.219706566	1.219706566	1.219706566	1.219706566	1.219706566	0	1.219706566	1.219706566	1.219706566	2.088449965	1.219706566	1.219706566	2.088449965	1.219706566	1.219706566	2.088449965	2.088449965	1.219706566	1.219706566	1.219706566	1.219706566	1.219706566	1.219706566	1.219706566	1.219706566	1.219706566	1.219706566	1.219706566	1.219706566	2.088449965	1.219706566	0	0	1.219706566	1.219706566	1.219706566	0	1.219706566	1.219706566	2.088449965	2.088449965	1.219706566	1.219706566	k__Bacteria; p__Proteobacteria; c__Gammaproteobacteria; o__Vibrionales; f__Vibrionaceae; g__Vibrio; s__
39391	1.219706566	98.88924559	1.219706566	100.1006461	1.219706566	1.219706566	1.219706566	0	1.219706566	1.219706566	1.219706566	2.088449965	1.219706566	1.219706566	2.088449965	1.219706566	1.219706566	2.088449965	2.088449965	1.219706566	1.219706566	1.219706566	1.219706566	1.219706566	1.219706566	1.219706566	1.219706566	1.219706566	1.219706566	1.219706566	1.219706566	2.088449965	1.219706566	0	0	1.219706566	1.219706566	1.219706566	0	1.219706566	1.219706566	2.088449965	2.088449965	1.219706566	1.219706566	k__Bacteria; p__Proteobacteria; c__Alphaproteobacteria; o__Rhodobacterales; f__Rhodobacteraceae; g__; s__
165537	1.219706566	147.0619293	1.219706566	1.219706566	1.219706566	1.219706566	1.219706566	0	1.219706566	1.219706566	1.219706566	2.088449965	1.219706566	1.219706566	2.088449965	1.219706566	1.219706566	2.088449965	2.088449965	1.219706566	1.219706566	1.219706566	1.219706566	1.219706566	1.219706566	1.219706566	1.219706566	1.219706566	1.219706566	1.219706566	1.219706566	2.088449965	1.219706566	0	0	1.219706566	1.219706566	1.219706566	0	1.219706566	1.219706566	2.088449965	2.088449965	1.219706566	1.219706566	k__Bacteria; p__Proteobacteria; c__Alphaproteobacteria; o__Rhodobacterales; f__Rhodobacteraceae; g__; s__
106889	1.219706566	0	1.219706566	1.219706566	1.219706566	1.219706566	1.219706566	0	1.219706566	100.1006461	1.219706566	2.088449965	1.219706566	1.219706566	2.088449965	1.219706566	1.219706566	2.088449965	2.088449965	1.219706566	1.219706566	1.219706566	1.219706566	1.219706566	1.219706566	1.219706566	1.219706566	1.219706566	100.1006461	1.219706566	1.219706566	2.088449965	1.219706566	0	0	1.219706566	1.219706566	1.219706566	0	1.219706566	1.219706566	2.088449965	2.088449965	1.219706566	1.219706566	k__Bacteria; p__Proteobacteria; c__Alphaproteobacteria; o__Rhodospirillales; f__Rhodospirillaceae; g__; s__
123474	1.219706566	0	1.219706566	1.219706566	1.219706566	1.219706566	1.219706566	0	1.219706566	1.219706566	1.219706566	2.088449965	1.219706566	1.219706566	2.088449965	1.219706566	1.219706566	2.088449965	2.088449965	1.219706566	1.219706566	1.219706566	1.219706566	100.1006461	1.219706566	1.219706566	1.219706566	100.1006461	1.219706566	1.219706566	1.219706566	2.088449965	1.219706566	0	0	1.219706566	1.219706566	1.219706566	0	1.219706566	1.219706566	2.088449965	2.088449965	1.219706566	1.219706566	k__Bacteria; p__Proteobacteria; c__Alphaproteobacteria; o__Rhodobacterales; f__Rhodobacteraceae; g__; s__
5135	1.219706566	0	1.219706566	1.219706566	1.219706566	1.219706566	1.219706566	0	1.219706566	1.219706566	1.219706566	2.088449965	1.219706566	1.219706566	2.088449965	1.219706566	1.219706566	2.088449965	2.088449965	100.1006461	1.219706566	1.219706566	1.219706566	1.219706566	1.219706566	1.219706566	1.219706566	1.219706566	100.1006461	1.219706566	1.219706566	2.088449965	1.219706566	0	0	1.219706566	1.219706566	1.219706566	0	1.219706566	1.219706566	2.088449965	2.088449965	1.219706566	1.219706566	k__Bacteria; p__Proteobacteria; c__Alphaproteobacteria; o__Rhizobiales; f__; g__; s__
227556	1.219706566	0	1.219706566	1.219706566	1.219706566	1.219706566	1.219706566	0	1.219706566	1.219706566	1.219706566	2.088449965	1.219706566	1.219706566	2.088449965	1.219706566	1.219706566	100.9677089	2.088449965	1.219706566	1.219706566	1.219706566	1.219706566	1.219706566	1.219706566	1.219706566	1.219706566	1.219706566	1.219706566	100.1006461	1.219706566	2.088449965	1.219706566	0	0	1.219706566	1.219706566	1.219706566	0	1.219706566	1.219706566	2.088449965	2.088449965	1.219706566	1.219706566	k__Bacteria; p__Proteobacteria; c__Gammaproteobacteria; o__Oceanospirillales; f__Halomonadaceae; g__Halomonas; s__
283193	1.219706566	0	1.219706566	1.219706566	1.219706566	1.219706566	1.219706566	0	1.219706566	1.219706566	1.219706566	2.088449965	1.219706566	1.219706566	2.088449965	1.219706566	1.219706566	2.088449965	2.088449965	1.219706566	1.219706566	1.219706566	1.219706566	1.219706566	1.219706566	1.219706566	1.219706566	1.219706566	1.219706566	1.219706566	1.219706566	2.088449965	1.219706566	0	0	1.219706566	100.1006461	100.1006461	0	1.219706566	1.219706566	2.088449965	2.088449965	1.219706566	1.219706566	k__Bacteria; p__Proteobacteria; c__Gammaproteobacteria; o__Pseudomonadales; f__Pseudomonadaceae; g__Pseudomonas; s__
330888	100.1006461	0	1.219706566	1.219706566	1.219706566	1.219706566	1.219706566	0	1.219706566	1.219706566	1.219706566	2.088449965	1.219706566	1.219706566	2.088449965	1.219706566	1.219706566	2.088449965	2.088449965	1.219706566	1.219706566	1.219706566	1.219706566	1.219706566	1.219706566	1.219706566	1.219706566	1.219706566	1.219706566	1.219706566	1.219706566	2.088449965	1.219706566	0	0	100.1006461	1.219706566	1.219706566	0	1.219706566	1.219706566	2.088449965	2.088449965	1.219706566	1.219706566	k__Bacteria; p__Proteobacteria; c__Gammaproteobacteria; o__Oceanospirillales; f__Oleiphilaceae; g__; s__
254512	1.219706566	0	1.219706566	1.219706566	1.219706566	1.219706566	1.219706566	0	1.219706566	1.219706566	1.219706566	2.088449965	147.9707935	1.219706566	2.088449965	1.219706566	1.219706566	2.088449965	2.088449965	1.219706566	1.219706566	1.219706566	1.219706566	1.219706566	1.219706566	1.219706566	1.219706566	1.219706566	1.219706566	1.219706566	1.219706566	2.088449965	1.219706566	0	0	1.219706566	1.219706566	1.219706566	0	1.219706566	1.219706566	2.088449965	2.088449965	1.219706566	1.219706566	k__Bacteria; p__Proteobacteria; c__Gammaproteobacteria; o__Oceanospirillales; f__HTCC2188; g__HTCC; s__
193433	1.219706566	0	1.219706566	1.219706566	1.219706566	1.219706566	1.219706566	0	1.219706566	1.219706566	1.219706566	2.088449965	1.219706566	1.219706566	2.088449965	1.219706566	147.9707935	2.088449965	2.088449965	1.219706566	1.219706566	1.219706566	1.219706566	1.219706566	1.219706566	1.219706566	1.219706566	1.219706566	1.219706566	1.219706566	1.219706566	2.088449965	1.219706566	0	0	1.219706566	1.219706566	1.219706566	0	1.219706566	1.219706566	2.088449965	2.088449965	1.219706566	1.219706566	k__Bacteria; p__Proteobacteria; c__Alphaproteobacteria; o__Rhizobiales; f__; g__; s__
80393	1.219706566	0	1.219706566	1.219706566	1.219706566	1.219706566	1.219706566	0	1.219706566	1.219706566	1.219706566	2.088449965	1.219706566	1.219706566	2.088449965	1.219706566	1.219706566	2.088449965	2.088449965	1.219706566	100.1006461	1.219706566	1.219706566	1.219706566	100.1006461	1.219706566	1.219706566	1.219706566	1.219706566	1.219706566	1.219706566	2.088449965	1.219706566	0	0	1.219706566	1.219706566	1.219706566	0	1.219706566	1.219706566	2.088449965	2.088449965	1.219706566	1.219706566	k__Bacteria; p__Proteobacteria; c__Gammaproteobacteria; o__Oceanospirillales; f__Alteromonadaceae; g__Marinobacter; s__Marinobacter algicola
58662	1.219706566	0	1.219706566	1.219706566	1.219706566	1.219706566	1.219706566	0	1.219706566	1.219706566	1.219706566	2.088449965	1.219706566	1.219706566	2.088449965	1.219706566	1.219706566	2.088449965	2.088449965	1.219706566	100.1006461	1.219706566	1.219706566	1.219706566	100.1006461	1.219706566	1.219706566	1.219706566	1.219706566	1.219706566	1.219706566	2.088449965	1.219706566	0	0	1.219706566	1.219706566	1.219706566	0	1.219706566	1.219706566	2.088449965	2.088449965	1.219706566	1.219706566	k__Bacteria; p__Firmicutes; c__Bacilli; o__Bacillales; f__Bacillaceae; g__Geobacillus; s__
285941	1.219706566	0	1.219706566	1.219706566	1.219706566	1.219706566	1.219706566	0	1.219706566	1.219706566	1.219706566	2.088449965	1.219706566	1.219706566	2.088449965	1.219706566	1.219706566	2.088449965	2.088449965	1.219706566	1.219706566	1.219706566	1.219706566	1.219706566	1.219706566	1.219706566	1.219706566	1.219706566	1.219706566	1.219706566	1.219706566	2.088449965	1.219706566	0	0	1.219706566	100.1006461	1.219706566	0	1.219706566	1.219706566	2.088449965	2.088449965	1.219706566	100.1006461	k__Bacteria; p__Proteobacteria; c__Gammaproteobacteria; o__Pseudomonadales; f__Pseudomonadaceae; g__Pseudomonas; s__
239962	1.219706566	0	1.219706566	1.219706566	1.219706566	100.1006461	1.219706566	0	1.219706566	1.219706566	1.219706566	2.088449965	1.219706566	1.219706566	2.088449965	1.219706566	1.219706566	2.088449965	2.088449965	1.219706566	1.219706566	1.219706566	1.219706566	1.219706566	1.219706566	1.219706566	1.219706566	1.219706566	100.1006461	1.219706566	1.219706566	2.088449965	1.219706566	0	0	1.219706566	1.219706566	1.219706566	0	1.219706566	1.219706566	2.088449965	2.088449965	1.219706566	1.219706566	k__Bacteria; p__Bacteroidetes; c__Flavobacteria; o__Flavobacteriales; f__Flavobacteriaceae; g__Maribacter; s__
556328	1.219706566	0	1.219706566	1.219706566	1.219706566	1.219706566	1.219706566	0	1.219706566	1.219706566	1.219706566	2.088449965	100.1006461	1.219706566	2.088449965	1.219706566	1.219706566	2.088449965	2.088449965	1.219706566	100.1006461	1.219706566	1.219706566	1.219706566	1.219706566	1.219706566	1.219706566	1.219706566	1.219706566	1.219706566	1.219706566	2.088449965	1.219706566	0	0	1.219706566	1.219706566	1.219706566	0	1.219706566	1.219706566	2.088449965	2.088449965	1.219706566	1.219706566	k__Bacteria; p__Proteobacteria; c__Alphaproteobacteria; o__Rhodobacterales; f__Rhodobacteraceae; g__; s__
275744	1.219706566	0	1.219706566	1.219706566	1.219706566	1.219706566	1.219706566	0	1.219706566	1.219706566	1.219706566	2.088449965	1.219706566	1.219706566	2.088449965	1.219706566	1.219706566	2.088449965	2.088449965	1.219706566	100.1006461	1.219706566	1.219706566	1.219706566	1.219706566	1.219706566	1.219706566	1.219706566	100.1006461	1.219706566	1.219706566	2.088449965	1.219706566	0	0	1.219706566	1.219706566	1.219706566	0	1.219706566	1.219706566	2.088449965	2.088449965	1.219706566	1.219706566	k__Bacteria; p__Proteobacteria; c__Alphaproteobacteria; o__Rhizobiales; f__Hyphomicrobiaceae; g__; s__
535290	1.219706566	0	1.219706566	1.219706566	1.219706566	1.219706566	1.219706566	0	1.219706566	1.219706566	1.219706566	2.088449965	1.219706566	1.219706566	2.088449965	1.219706566	1.219706566	2.088449965	2.088449965	1.219706566	100.1006461	1.219706566	1.219706566	1.219706566	1.219706566	1.219706566	1.219706566	100.1006461	1.219706566	1.219706566	1.219706566	2.088449965	1.219706566	0	0	1.219706566	1.219706566	1.219706566	0	1.219706566	1.219706566	2.088449965	2.088449965	1.219706566	1.219706566	k__Bacteria; p__Bacteroidetes; c__Sphingobacteria; o__Sphingobacteriales; f__Flammeovirgaceae; g__; s__